SECRET_KEY_1="[
  253, 114,  56, 222, 250, 221, 159,  75, 125,  96,  52,
  115, 100, 105, 231, 104, 207, 189,  34,  43,  64,  23,
   81,  99, 193,  43, 153, 145, 182,   3, 160, 208, 228,
  208, 206,  96,  44, 253,  65,  37,  13, 129, 157, 167,
   33, 134,  33, 191,  47,  78, 149, 241, 121, 133,   2,
   23, 206,  67,  23, 165,  73,  54, 162,  33
]"

SECRET_KEY_2="[
   70, 143, 201,  86, 124, 238, 164,  59, 223, 153, 233,
   87, 210, 135, 222,  50, 158, 201,  76, 120, 102,  12,
  250, 200, 170, 137,  23,  58, 247,  23, 150,  22, 214,
   84, 226, 167,  88,  73, 221, 151, 181, 206,  55,  64,
   67,  11, 227,  24,  49,  82,  84,   4,  61,  32,  24,
   74,   8, 151, 214,  38, 113, 183,  79, 149
]"